-1.944336002427416332e+01
-1.928139213995685708e+01
-1.903926295296316340e+01
-1.887775235293879206e+01
-1.873920084996519719e+01
-1.859081197553023301e+01
-1.841841014276521094e+01
-1.828473095824504924e+01
-1.818117670403412234e+01
-1.814149584877113597e+01
-1.810815916839194628e+01
-1.808187222108745473e+01
-1.803914089694922041e+01
-1.798218161618006405e+01
-1.791977838336267581e+01
-1.784260985827495460e+01
-1.777988215555713580e+01
-1.770114687352354466e+01
-1.763211236944265536e+01
-1.756209298523469897e+01
-1.748334697728351728e+01
-1.740466627365207941e+01
-1.734275365054695328e+01
-1.727580133895368775e+01
-1.720953623227861229e+01
-1.714859062644852727e+01
-1.709109325526058143e+01
-1.704431426165518104e+01
-1.700517517309254956e+01
-1.696087702386374119e+01
-1.692185498864179394e+01
-1.687873398821297499e+01
-1.683329180883920628e+01
-1.678769299257843173e+01
-1.674158057665485444e+01
-1.669924536884531463e+01
-1.665973780880645094e+01
-1.662199344358141673e+01
-1.658395272059616588e+01
-1.654049152637848508e+01
-1.649761776854998274e+01
-1.645795591575232919e+01
-1.641699770881262666e+01
-1.637805110853769719e+01
-1.633746244401218561e+01
-1.629822671269722534e+01
-1.625334947797607654e+01
-1.621139949249925749e+01
-1.617069606088989886e+01
-1.612967165026524796e+01
-1.608818766430193747e+01
-1.604853961134379858e+01
-1.601072283221080284e+01
-1.597366004156786623e+01
-1.593614389784560359e+01
-1.590087722980326923e+01
-1.586507900361412915e+01
-1.583133263568042715e+01
-1.579565314349652283e+01
-1.576281273594165633e+01
-1.573064950170602572e+01
-1.569948483228368907e+01
-1.566903012181261623e+01
-1.563815017448885847e+01
-1.560817248412425329e+01
-1.558098256422609218e+01
-1.555529225159381745e+01
-1.553068370102722540e+01
-1.550721372337721782e+01
-1.548621541634726384e+01
-1.546607481980316834e+01
-1.544592362400782548e+01
-1.542561738902755408e+01
-1.540518462237601760e+01
-1.538895996811521627e+01
-1.537316238860740469e+01
-1.535741261553443415e+01
-1.534361665721233869e+01
-1.533314336190215776e+01
-1.532289418570395867e+01
-1.531080825316944605e+01
-1.529672451274726974e+01
-1.528421374496514851e+01
-1.527539111868640553e+01
-1.526630265748881499e+01
-1.525669902707338110e+01
-1.524770597985412124e+01
-1.524022953006932823e+01
-1.523282432528996466e+01
-1.522620115344700586e+01
-1.522136659095932743e+01
-1.521542510316126595e+01
-1.520592703874216589e+01
-1.519965559228517016e+01
-1.519270431530836873e+01
-1.518671830467259376e+01
-1.517929230662698004e+01
-1.517203281405787685e+01
-1.516832291324133131e+01
-1.516264056435898588e+01
-1.515825313899151894e+01
-1.515167932839556997e+01
-1.514358769256225656e+01
-1.513581132377995964e+01
-1.512977856763700579e+01
-1.512393158780137981e+01
-1.511569525961393445e+01
-1.510505308228815835e+01
-1.510011325338892796e+01
-1.509200230428887579e+01
-1.508254818339904801e+01
-1.507582883883544511e+01
-1.507051752469118178e+01
-1.506210968189527399e+01
-1.505360750355687038e+01
-1.504430910116359499e+01
-1.503329101866146011e+01
-1.501812181481714781e+01
-1.500260608002090734e+01
-1.499079305127226469e+01
-1.498096083358376518e+01
-1.497205773419592667e+01
-1.495876386775884903e+01
-1.494610242599573091e+01
-1.493214739994747653e+01
-1.491914522552344025e+01
-1.490813403360019329e+01
-1.489891183611140946e+01
-1.488812913184766629e+01
-1.487873719955752527e+01
-1.486867945057544382e+01
-1.486230750327481154e+01
-1.485682294019187388e+01
-1.484265343110120838e+01
-1.483223266524573170e+01
-1.482310163756899080e+01
-1.480856867701611179e+01
-1.479489420291265844e+01
-1.478274948722350324e+01
-1.476986842297524660e+01
-1.475765748097347085e+01
-1.474704690830944820e+01
-1.473666133119874466e+01
-1.472738936227416850e+01
-1.471484958519710773e+01
-1.470174404972243032e+01
-1.469743402133917698e+01
-1.468944009513811366e+01
-1.467888832483368766e+01
-1.466429940851127434e+01
-1.465814570382972626e+01
-1.464691237845777572e+01
-1.463184385411769561e+01
-1.462230730846962778e+01
-1.461231551341511903e+01
-1.459984891555586195e+01
-1.459025682487815700e+01
-1.457220405588284784e+01
-1.455939498663464526e+01
-1.453785503047581784e+01
-1.452270313060756735e+01
-1.450461362385113873e+01
-1.448563574547919863e+01
-1.446717236685462638e+01
-1.445016934053509594e+01
-1.443212041804547852e+01
-1.441822357406680233e+01
-1.440118642096174462e+01
-1.438902916934949872e+01
-1.437707185000853727e+01
-1.436821232424293449e+01
-1.435309234888243957e+01
-1.434267529137169817e+01
-1.432724338183058777e+01
-1.431281179584186170e+01
-1.429550794381204604e+01
-1.428040814850028362e+01
-1.425921231946829160e+01
-1.424797005527519644e+01
-1.422730382807055172e+01
-1.422086331000032366e+01
-1.420869317845098578e+01
-1.419193999398164507e+01
-1.418082668290929327e+01
-1.416264992539828960e+01
-1.415062570215418702e+01
-1.413549363380213464e+01
-1.412468198217911386e+01
-1.410117445677847847e+01
-1.408471187356555276e+01
-1.407391014988871802e+01
-1.405352581935600220e+01
-1.404283526860384690e+01
-1.401852038506635445e+01
-1.399970663280704386e+01
-1.398073734410523450e+01
-1.396011242993789558e+01
-1.393730523985999881e+01
-1.392413732127891990e+01
-1.390171545686043153e+01
-1.388184381943067436e+01
-1.386571957500045116e+01
-1.384105615782296006e+01
-1.382599798577029659e+01
-1.380545160445621455e+01
-1.378895867869961300e+01
-1.376810572685728928e+01
-1.374247378458810509e+01
-1.372525120972003876e+01
-1.370962223800030522e+01
-1.368700965347793286e+01
-1.367351587932513368e+01
-1.364358557494920809e+01
-1.362845009220216319e+01
-1.360181084572687915e+01
-1.359159955107075035e+01
-1.356790037625085965e+01
-1.355299126096196716e+01
-1.352900858561171660e+01
-1.351560218981244788e+01
-1.349376843995333530e+01
-1.347371965418077444e+01
-1.344513488425346104e+01
-1.342536895603245206e+01
-1.341252772113219116e+01
-1.338573932916187914e+01
-1.335825521585843845e+01
-1.334898093165057276e+01
-1.331912085160281833e+01
-1.329489222256831660e+01
-1.327419308732766723e+01
-1.325496902085742867e+01
-1.322583207140266026e+01
-1.320820578480580387e+01
-1.317799006966278519e+01
-1.315985016675507779e+01
-1.314307595037825749e+01
-1.311095490586583701e+01
-1.309169828292814231e+01
-1.306597044275553898e+01
-1.304269922496010992e+01
-1.301320909380770985e+01
-1.299769547818620019e+01
-1.297204119835178560e+01
-1.293954398993839128e+01
-1.292562362803558784e+01
-1.289329041869106263e+01
-1.287524145141654230e+01
-1.284847498747203431e+01
-1.281959128721191732e+01
-1.280212776240965233e+01
-1.277714052534227029e+01
-1.275212159471352358e+01
-1.272634016741466922e+01
-1.269882931449212293e+01
-1.267884922879082943e+01
-1.264518446541783092e+01
-1.263112999255334401e+01
-1.260267012505087614e+01
-1.257580984029003623e+01
-1.255322023877082316e+01
-1.253554675515093031e+01
-1.249608387225813821e+01
-1.248470397455766090e+01
-1.245422747030682586e+01
-1.242357517549948653e+01
-1.240024712768419235e+01
-1.238423125155626536e+01
-1.234082255571649078e+01
-1.232910190280512985e+01
-1.230234692707324484e+01
-1.227307029119933546e+01
-1.224791942665905964e+01
-1.222841896062956835e+01
-1.219160227818018427e+01
-1.217770698875194491e+01
-1.213562483736395770e+01
-1.212292168216115584e+01
-1.209474562973093192e+01
-1.206342143544367040e+01
-1.204909013217717728e+01
-1.202094035879074241e+01
-1.199038550854934826e+01
-1.196117571092171517e+01
-1.194742999128949457e+01
-1.191290494933354616e+01
-1.187984159482910584e+01
-1.186711073919833659e+01
-1.184216801966127441e+01
-1.180701455765360919e+01
-1.179097275679589885e+01
-1.176112685772755739e+01
-1.172876423675429969e+01
-1.170734066019888786e+01
-1.168350549087537438e+01
-1.165872684810286231e+01
-1.162460444809246418e+01
-1.159846338396955368e+01
-1.156934655080782903e+01
-1.154707245789676406e+01
-1.150999991260295197e+01
-1.148247786272322379e+01
-1.146372554951254763e+01
-1.141940327066147987e+01
-1.140296631742864619e+01
-1.136812487410082539e+01
-1.133857691091285069e+01
-1.132227363483592875e+01
-1.128574822533178157e+01
-1.125038706458932403e+01
-1.122246271993719624e+01
-1.119956679168612368e+01
-1.116688136162223266e+01
-1.112507620572918121e+01
-1.111309136723647306e+01
-1.107567579643061784e+01
-1.103490050316241700e+01
-1.101748244637189522e+01
-1.097959908643799665e+01
-1.093847116793690688e+01
-1.092725514819039034e+01
-1.087742548479285354e+01
-1.084770757138512209e+01
-1.082073964659001675e+01
-1.078583765714591536e+01
-1.074997652251434666e+01
-1.072904408541638688e+01
-1.068840808123071717e+01
-1.064085647294468195e+01
-1.062986282836564556e+01
-1.058838346622554383e+01
-1.054014569401679680e+01
-1.052992274386313021e+01
-1.048516617601447187e+01
-1.045475908241163232e+01
-1.042298858592132582e+01
-1.038084901972028362e+01
-1.034981171289230950e+01
-1.032728346628501725e+01
-1.027471752539635474e+01
-1.024526820015956829e+01
-1.021493625651512360e+01
-1.018929342898726986e+01
-1.013843821669612666e+01
-1.011030547535620627e+01
-1.008258963760938265e+01
-1.003568284068977512e+01
-1.000513857374346394e+01
-9.968182946178751891e+00
-9.940058763729693325e+00
-9.903706893993232896e+00
-9.858431623779239317e+00
-9.833259124798310324e+00
-9.801303750130902159e+00
-9.758227902960266320e+00
-9.734226762101531705e+00
-9.694304713229216830e+00
-9.640006240486686195e+00
-9.630105543384599898e+00
-9.578889597457648009e+00
-9.556535371312353533e+00
-9.513188206997876151e+00
-9.483643607967410460e+00
-9.441606282128704564e+00
-9.413391848988785782e+00
-9.375242100725790451e+00
-9.346395931609349006e+00
-9.303469227209104631e+00
-9.273108417113579804e+00
-9.227250747345117077e+00
-9.206179966482251231e+00
-9.160956824089653949e+00
-9.136953202482722247e+00
-9.090253389099061110e+00
-9.068087019301595220e+00
-9.015066336872342490e+00
-9.005013808182837920e+00
-8.947939460553962832e+00
-8.919853696572127788e+00
-8.881009619475410233e+00
-8.852440039087971613e+00
-8.823020201435191723e+00
-8.772033185745026884e+00
-8.751922752756419399e+00
-8.708683323208246563e+00
-8.675313817804315875e+00
-8.632604052455198129e+00
-8.615406358883410221e+00
-8.567125194452994918e+00
-8.535984578518238663e+00
-8.500490837964077784e+00
-8.468230070922279751e+00
-8.440094091775030449e+00
-8.396050897132214530e+00
-8.362853365253267057e+00
-8.327937691054277281e+00
-8.296676868794524040e+00
-8.262916187701677018e+00
-8.230401711549337307e+00
-8.195612331647707194e+00
-8.154188944836814557e+00
-8.121334456035768312e+00
-8.072571041024158234e+00
-8.050618827907882746e+00
-8.020411058429063544e+00
-7.952659881786905416e+00
-7.930183845685021993e+00
-7.891510870579637960e+00
-7.850735467103656440e+00
-7.823460313161177737e+00
-7.782347357008647215e+00
-7.733653507047362652e+00
-7.696371740350288704e+00
-7.656228225621975803e+00
-7.613861293471195779e+00
-7.567760402604054804e+00
-7.526775233101545837e+00
-7.484492190940810197e+00
-7.438124251264118136e+00
-7.403377080701246449e+00
-7.365943687171949250e+00
-7.303492447477774263e+00
-7.272986356199085733e+00
-7.236725314980047230e+00
-7.176343643742391976e+00
-7.150780108915053113e+00
-7.094130031017837901e+00
-7.040355579705434685e+00
-7.020707429266597188e+00
-6.955722177191024258e+00
-6.927510325653286394e+00
-6.881073161841048780e+00
-6.820253016294195447e+00
-6.800615695131067007e+00
-6.746602336502171227e+00
-6.703152233888394207e+00
-6.656284310371520796e+00
-6.618277727447243741e+00
-6.567650371890488614e+00
-6.529158024525125725e+00
-6.483758612830528456e+00
-6.436082769638828083e+00
-6.394719268407220270e+00
-6.352381696109862474e+00
-6.304819870794339032e+00
-6.264991189584166342e+00
-6.218758584183733618e+00
-6.172530231909711063e+00
-6.132505503482135190e+00
-6.087942522182350658e+00
-6.045259377488682695e+00
-5.998441347651747080e+00
-5.947542331842391228e+00
-5.922076760919850358e+00
-5.866855367448304825e+00
-5.818336200473985365e+00
-5.775324420208724163e+00
-5.730871254568644879e+00
-5.694848865371880287e+00
-5.635825857766364244e+00
-5.601121989034160364e+00
-5.555427957206227063e+00
-5.509361837537102957e+00
-5.459545752303620603e+00
-5.420339975198712246e+00
-5.385725231664983959e+00
-5.329221654622704918e+00
-5.286910800354001516e+00
-5.250258731066332452e+00
-5.201850015458504117e+00
-5.152617175700123120e+00
-5.117184479652633122e+00
-5.074796450423633587e+00
-5.029261125324714143e+00
-4.978951043856619130e+00
-4.943280371938506335e+00
-4.904645822008744105e+00
-4.843609593691931003e+00
-4.806224832111706036e+00
-4.781159608525425320e+00
-4.723309605238628528e+00
-4.685258000775078813e+00
-4.648814364936245447e+00
-4.590493266201246314e+00
-4.568607511983153735e+00
-4.522723926090193913e+00
-4.468302924810519272e+00
-4.444449965538257885e+00
-4.403935846539278387e+00
-4.351402210925376046e+00
-4.312703255142447567e+00
-4.270510536481974206e+00
-4.221523957715036524e+00
-4.185937332471016070e+00
-4.142845681650317857e+00
-4.083804891708617824e+00
-4.050106231320706129e+00
-3.998607733277705023e+00
-3.943873655289160673e+00
-3.897728239018254826e+00
-3.843029622715947724e+00
-3.785260749159745419e+00
-3.740235864269152888e+00
-3.688747427794036415e+00
-3.641590551762010630e+00
-3.582808689434582750e+00
-3.528426472947112202e+00
-3.484602230071131679e+00
-3.431060234610927573e+00
-3.374273960900257663e+00
-3.336834493277807123e+00
-3.269242342265187951e+00
-3.225541795884559804e+00
-3.184016134963627565e+00
-3.109165315628768411e+00
-3.079950836179883300e+00
-3.016274368720301080e+00
-2.955718358551198133e+00
-2.920740415640470378e+00
-2.863410849215832332e+00
-2.804275500743634630e+00
-2.769246148429004961e+00
-2.688621994247020641e+00
-2.661521239818253726e+00
-2.595622418586971847e+00
-2.568869639512179504e+00
-2.484193598539591541e+00
-2.452879568227726015e+00
-2.388548117593995102e+00
-2.361830572229472125e+00
-2.275038319959239885e+00
-2.225567051896143234e+00
-2.188341350742473157e+00
-2.139595841466336079e+00
-2.077001214208213042e+00
-2.023934848311604640e+00
-1.992345023431987272e+00
-1.922703051067538027e+00
-1.870994673213176807e+00
-1.811834153684711124e+00
-1.786337965821782836e+00
-1.715026481048550266e+00
-1.672059638935289527e+00
-1.614992342468470676e+00
-1.582058415963905507e+00
-1.501471957175444238e+00
-1.466613927573869214e+00
-1.433367588848487584e+00
-1.370040464021014426e+00
-1.300515628176200034e+00
-1.283475709401593612e+00
-1.206954839349121622e+00
-1.165290113724270604e+00
-1.126169019796719128e+00
-1.062633260292477955e+00
-1.026488535221678378e+00
-9.763635803793576651e-01
-9.292616121248730154e-01
-8.798743057433237036e-01
-8.331708014460372791e-01
-8.008506427966060048e-01
-7.216832103035222268e-01
-7.001250732871070470e-01
-6.540602091812629526e-01
-5.938421262515672927e-01
-5.625232170052245628e-01
-5.049370218727377013e-01
-4.418644067850812096e-01
-4.159802585707776390e-01
-3.516183535464055820e-01
-2.695695015158396934e-01
-2.272063143146855202e-01
-1.592445428629423454e-01
-1.045817464394409174e-01
-4.701755498150890500e-02
1.828213516960418630e-02
6.745024343314090509e-02
1.255410817806855983e-01
1.693724800851471868e-01
2.512417429666164437e-01
2.886742711199428713e-01
3.490272511527409138e-01
4.076835878331459551e-01
4.543515906369606783e-01
5.324765994495397337e-01
5.565315506712984472e-01
6.445766724235749701e-01
6.912950925062789631e-01
7.513709740024048234e-01
8.274756611495833747e-01
8.516659048074353144e-01
9.365424377020747926e-01
9.551292350036340029e-01
1.044768575325123683e+00
1.064689601989041279e+00
1.162099008926153809e+00
1.175738502139616948e+00
1.275422372967228712e+00
1.296464307307459984e+00
1.394163900264652201e+00
1.408380691965197773e+00
1.507295780060820212e+00
1.529497071844335254e+00
1.618872560429215568e+00
1.642464431395440183e+00
1.724659150845011757e+00
1.766112509033946232e+00
1.826237644538220684e+00
1.872867046126476254e+00
1.940576808723902147e+00
2.032199437571289735e+00
2.167506153065180907e+00
2.383107064546056364e+00
2.570205373780599878e+00
3.007882196843095546e+00
5.554808801071040136e+00
1.033906252569109974e+01
1.971471351700315822e+01
3.839149353984967661e+01
7.576279650456955039e+01
