-2.190281006526725704e+01
-2.173123512373452115e+01
-2.162229810246317641e+01
-2.155001362358614969e+01
-2.151993389951638491e+01
-2.150870468085237874e+01
-2.150375200004230791e+01
-2.150092682962971580e+01
-2.149916079964693694e+01
-2.149797687384785050e+01
-2.128421338671533292e+01
-2.123994653150500511e+01
-2.110992939215255859e+01
-2.102565525912078570e+01
-2.092158744084606781e+01
-2.079874293197319801e+01
-2.069622321866596337e+01
-2.062013190590064227e+01
-2.054292247281600226e+01
-2.046967529469219826e+01
-2.041204464691276499e+01
-2.035480103790190043e+01
-2.029621719822212711e+01
-2.025972523680763970e+01
-2.022745016915964911e+01
-2.018628516039397525e+01
-2.015266139624770148e+01
-2.011254395305381237e+01
-2.008919072986377330e+01
-2.005956259043121648e+01
-2.002352863086815304e+01
-1.998654502240604813e+01
-1.994102868666877626e+01
-1.990992891402355269e+01
-1.988719565460396765e+01
-1.986764219596493319e+01
-1.984120227955722982e+01
-1.980704712354445007e+01
-1.978693085100495708e+01
0.000000000000000000e+00
